Count=90
1 10 1 5 
2 10 2 8 
3 10 3 10 
4 10 4 13 
5 10 5 16 
6 10 6 20 
7 13 1 5 
8 13 2 8 
9 13 3 10 
10 13 4 13 
11 13 5 16 
12 13 6 20 
13 14 1 5 
14 14 2 8 
15 14 3 10 
16 14 4 13 
17 14 5 16 
18 14 6 20 
19 12 1 5 
20 12 2 8 
21 12 3 10 
22 12 4 13 
23 12 5 16 
24 12 6 20 
25 11 1 5 
26 11 2 6 
27 11 3 8 
28 11 4 10 
29 11 5 12 
30 11 6 15 
31 2 1 50 
32 2 2 75 
33 2 3 110 
34 2 4 140 
35 2 5 180 
36 2 6 240 
37 1 1 100 
38 1 2 150 
39 1 3 210 
40 1 4 280 
41 1 5 350 
42 1 6 450 
43 4 1 10 
44 4 2 50 
45 4 3 70 
46 4 4 100 
47 4 5 130 
48 4 6 180 
49 3 1 50 
50 3 2 70 
51 3 3 110 
52 3 4 160 
53 3 5 210 
54 3 6 320 
55 5 1 5 
56 5 2 15 
57 5 3 25 
58 5 4 50 
59 5 5 70 
60 5 6 120 
61 6 1 5 
62 6 2 15 
63 6 3 25 
64 6 4 35 
65 6 5 45 
66 6 6 60 
67 8 1 5 
68 8 2 15 
69 8 3 25 
70 8 4 35 
71 8 5 45 
72 8 6 60 
73 7 1 5 
74 7 2 15 
75 7 3 25 
76 7 4 35 
77 7 5 45 
78 7 6 60 
79 9 1 5 
80 9 2 15 
81 9 3 25 
82 9 4 35 
83 9 5 45 
84 9 6 60 
85 15 1 80 
86 15 2 100 
87 15 3 120 
88 15 4 160 
89 15 5 190 
90 15 6 230 