Count=39
3111545[]N??ar[]0[]0[]0[]0[]0[]0[]0[]0[]25[]1[]0[]0[]0[]0[]0[]
3111408[]??Sph?Nx??[]0[]0[]0[]0[]0[]0[]0[]0[]25[]1[]0[]0[]0[]0[]0[]
3111415[]CookieMonster[]0[]0[]0[]0[]0[]0[]0[]0[]25[]1[]0[]0[]0[]0[]0[]
3111417[]Z?m??D?[]2[]0[]0[]0[]0[]0[]0[]0[]25[]1[]0[]0[]0[]0[]0[]
3111420[]BerTTa[]0[]0[]0[]0[]0[]0[]0[]0[]25[]1[]0[]0[]0[]0[]0[]
3111424[]foxcps[]0[]0[]0[]0[]0[]0[]0[]0[]25[]1[]0[]0[]0[]0[]0[]
3111427[]Crazy^Girl[]1[]0[]0[]0[]0[]0[]0[]0[]25[]1[]0[]0[]0[]0[]0[]
3111428[]Mookie[]0[]0[]0[]0[]0[]0[]0[]0[]25[]1[]0[]0[]0[]0[]0[]
3111569[]x|Water.Marry*[]0[]0[]0[]0[]0[]0[]0[]0[]25[]1[]0[]0[]0[]0[]0[]
3111440[]ana_mam_yala[]0[]0[]0[]0[]0[]0[]0[]0[]25[]1[]0[]0[]0[]0[]0[]
3111442[]|NaDa|[]0[]0[]0[]0[]0[]0[]0[]0[]25[]1[]0[]0[]0[]0[]0[]
3111454[]?n?w.Ang?[]0[]0[]0[]0[]0[]0[]0[]0[]25[]1[]0[]0[]0[]0[]0[]
3111596[]MrNinja[]0[]0[]0[]0[]0[]0[]0[]0[]25[]1[]0[]0[]0[]0[]0[]
3111459[]No_One[]0[]0[]0[]0[]0[]0[]0[]0[]25[]1[]0[]0[]0[]0[]0[]
3111599[]IamYourPain[]0[]0[]0[]0[]0[]0[]0[]0[]25[]1[]0[]0[]0[]0[]0[]
3111602[]Mustafa[]0[]0[]0[]0[]0[]0[]0[]0[]25[]1[]0[]0[]0[]0[]0[]
3111468[]?Z?mR?D??[]0[]0[]0[]0[]0[]0[]0[]0[]25[]1[]0[]0[]0[]0[]0[]
3111478[]SaFoo[]0[]0[]0[]0[]0[]0[]0[]0[]25[]1[]0[]0[]0[]0[]0[]
3111479[]maged[]0[]0[]0[]0[]0[]0[]0[]0[]25[]1[]0[]0[]0[]0[]0[]
3111488[]mai_kos[]0[]0[]0[]0[]0[]0[]0[]0[]25[]1[]0[]0[]0[]0[]0[]
3111498[]ReveR[]0[]0[]0[]0[]0[]0[]0[]0[]25[]1[]0[]0[]0[]0[]0[]
3111362[]antamalomk[]0[]0[]0[]0[]0[]0[]0[]0[]25[]1[]0[]0[]0[]0[]0[]
3111364[]KTAKETO[]0[]0[]0[]0[]0[]0[]0[]0[]25[]1[]0[]0[]0[]0[]0[]
3111365[]~ZeRokSeS~[]0[]0[]0[]0[]0[]0[]0[]0[]25[]1[]0[]0[]0[]0[]0[]
3111366[]????31[]0[]0[]0[]0[]0[]0[]0[]0[]25[]1[]0[]0[]0[]0[]0[]
3111504[]GOra[]0[]0[]0[]0[]0[]0[]0[]0[]25[]1[]0[]0[]0[]0[]0[]
3111367[]Caroline[]0[]0[]0[]0[]0[]0[]0[]0[]25[]1[]0[]0[]0[]0[]0[]
3111506[]Seprtoo[]0[]0[]0[]0[]0[]0[]0[]0[]25[]1[]0[]0[]0[]0[]0[]
3111370[]!!Dark_Hero!![]0[]0[]0[]0[]0[]0[]0[]0[]25[]1[]0[]0[]0[]0[]0[]
3111376[]GHaGarIa[]0[]0[]0[]0[]0[]0[]0[]0[]25[]1[]0[]0[]0[]0[]0[]
3111517[]RoOmA[]0[]0[]0[]0[]0[]0[]0[]0[]25[]1[]0[]0[]0[]0[]0[]
3111520[]BodY[]0[]0[]0[]0[]0[]0[]0[]0[]25[]1[]0[]0[]0[]0[]0[]
3111394[]|Byonce|[]1[]0[]0[]0[]0[]0[]0[]0[]25[]1[]0[]0[]0[]0[]0[]
3111534[]Taoism[]0[]0[]0[]0[]0[]0[]0[]0[]25[]1[]0[]0[]0[]0[]0[]
3111535[]EmmaLE[]0[]0[]0[]0[]0[]0[]0[]0[]25[]1[]0[]0[]0[]0[]0[]
3111536[]EmmaL[]0[]0[]0[]0[]0[]0[]0[]0[]25[]1[]0[]0[]0[]0[]0[]
3111538[]ms_HeeRo[]0[]0[]0[]0[]0[]0[]0[]0[]25[]1[]0[]0[]0[]0[]0[]
3111540[]EmmaLa[]0[]0[]0[]0[]0[]0[]0[]0[]25[]1[]0[]0[]0[]0[]0[]
3111541[]bakoshy[]0[]0[]0[]0[]0[]0[]0[]0[]25[]1[]0[]0[]0[]0[]0[]
