8924 26 837 1511 51 51 726083
8919 26 787 1511 32 48 726078
8921 26 807 1511 37 37 726080
3121 26 101 1511 66 62 721186
3120 26 91 1511 44 44 721185
3119 26 81 1511 37 44 726008
3116 26 51 1511 51 37 721181
3125 26 41 1511 44 51 721180
3115 26 37 1511 44 37 721179
8917 26 767 1511 37 58 726076
8923 26 827 1511 59 70 726082
8918 26 777 1511 49 32 726077
3113 26 10 1511 69 69 721177
3118 26 71 1511 51 58 721183
3114 26 21 1511 36 71 721178
8926 26 857 1511 67 43 726085
8920 26 797 1511 65 33 726079
3123 26 121 1511 70 40 721188
3122 26 111 1511 58 44 726067
3117 26 61 1511 55 31 721182
8922 26 817 1511 65 58 726081
8925 26 847 1511 58 51 726084
3124 2 8200 1511 64 67 721189
8599 26 1087 1511 69 34 726108
8598 26 1077 1511 39 32 726107
8929 26 887 1511 50 45 726088
8607 26 717 1511 50 40 726071
8606 26 707 1511 45 40 726070
8605 26 697 1511 76 45 726069
8602 26 667 1511 55 46 726066
8935 26 947 1511 45 50 726094
8934 26 937 1511 40 50 726093
8928 26 877 1511 40 55 726087
8937 26 967 1511 40 65 726096
8936 26 957 1511 48 65 726095
8943 26 1027 1511 50 55 726102 
8942 26 1017 1511 40 70 726101
8603 26 677 1511 65 35 721187
8932 26 917 1511 65 45 726091
8601 26 657 1511 60 35 726065
8608 26 727 1511 55 40 726072
8611 26 757 1511 70 43 726075
8610 26 747 1511 65 40 726074
8600 26 647 1511 56 35 726064
8609 26 737 1511 60 40 726073
8938 26 977 1511 69 48 726097
8939 26 987 1511 65 50 726098
8931 26 907 1511 61 65 726098
8946 26 1057 1511 68 59 726086
8945 26 1047 1511 60 55 726104
8941 26 1007 1511 55 65 726100
8944 26 1037 1511 55 55 726103
8604 26 687 1511 69 65 726068
8927 26 867 1511 35 66 726105
8940 26 997 1511 35 55 726099
8933 26 927 1511 35 50 726092
8597 26 1067 1511 44 70 726106
