820072 1
820071 1
820052 1
820054 1
820055 1
820056 1
820057 1
820053 1
820001 1
822052 3
822053 3
822054 3
822055 3
822057 3
822056 3
800015 4
800009 4
800008 4
800007 4
800006 4
800004 4
800003 4
800002 4
800001 4
800005 4
800000 4
800010 4
800070 4
800013 4
822001 4
800018 4
800019 4
800050 4
800012 4
800071 4
800090 4
800110 4
800011 4
800211 5
800320 5
800310 5
800230 5
800214 5
800213 5
800204 5
800205 5
800206 5
800207 5
800202 5
800201 5
800200 5
800203 5
800209 5
800208 5
800212 5
800210 5
824012 8
824014 8
824015 8
824017 8
824016 8
824013 8
824011 8
824006 8
824007 8
824010 8
824009 8
824008 8
824005 8
824004 8
824003 8
824002 8
824001 8
820017 111
820021 111
820020 111
820019 111
820018 111
820012 111
820016 111
820015 111
820014 111
820013 111
820044 112
820051 112
820043 112
820050 112
820049 112
820048 112
820047 112
820046 112
820045 112
820042 112
820024 113
820027 113
820031 113
820030 113
820029 113
820023 113
820028 113
820025 113
820022 113
820026 113
820033 114
820038 114
820032 114
820041 114
820039 114
820040 114
820037 114
820036 114
820035 114
820034 114
820003 118
820004 118
820005 118
820006 118
820007 118
820009 118
820010 118
820011 118
820002 118
820008 118
821028 120
821031 120
821010 120
821012 120
821008 120
821009 120
821003 120
821002 120
821004 120
821014 120
821007 120
821013 120
821011 120
821027 120
821006 120
821005 120
821017 121
821016 121
821020 121
821019 121
821018 121
821022 121
821023 121
821024 121
821025 121
821026 121
821029 121
821021 121
821030 121
821032 121
821015 121
822011 130
822006 130
822002 130
822003 130
822004 130
822005 130
822012 130
822007 130
822008 130
822009 130
822010 130
822013 131
822020 131
822018 131
822016 131
822015 131
822014 131
822019 131
822021 131
822017 131
822023 133
822024 133
822029 133
822025 133
822026 133
822027 133
822028 133
822030 133
822031 133
822022 133
822039 134
822040 134
822032 134
822033 134
822034 134
822041 134
822037 134
822036 134
822038 134
822035 134
822045 135
822051 135
822049 135
822048 135
822047 135
822042 135
822043 135
822046 135
822044 135
822050 135
822061 136
822063 136
822070 136
822067 136
822069 136
822068 136
822066 136
822065 136
822064 136
822062 136
820063 141
820064 141
820062 141
820061 141
820065 141
820066 141
820067 141
820068 141
820069 141
820070 141
823010 150
823009 150
823013 150
823003 150
823055 150
823008 150
823007 150
823005 150
823004 150
823002 150
823000 150
823052 150
823040 150
823041 150
823011 150
823001 150
823012 150
823006 150
823046 150
823047 150
823045 151
823037 151
823039 151
823038 151
823057 151
823050 151
823035 151
823044 151
823036 151
823033 151
823027 151
823028 151
823029 151
823053 151
823030 151
823031 151
823032 151
823034 151
823051 151
823021 152
823016 152
823017 152
823018 152
823019 152
823020 152
823014 152
823022 152
823023 152
823024 152
823025 152
823026 152
823042 152
823043 152
823048 152
823049 152
823054 152
823015 152
823056 152
800014 420
800502 421
800512 421
800504 421
800505 421
800520 421
800514 421
800513 421
800521 421
800511 421
800509 421
800510 421
800508 421
800507 421
800506 421
800501 421
800503 421
800614 500
800609 500
800601 500
800616 500
800615 500
800613 500
800617 500
800612 500
800611 500
800610 500
800608 500
800607 500
800602 500
800603 500
800604 500
800605 500
800606 500
800251 511
800252 511
800253 511
800254 511
800141 601
800140 601
800130 601
800016 601
800017 601
800722 610
800708 610
800712 610
800707 610
800706 610
800701 610
800705 610
800704 610
800703 610
800709 610
800702 610
800710 610
800723 610
800721 610
800724 610
800720 610
800716 610
800714 610
800713 610
800711 610
800715 610
800809 611
800808 611
800805 611
800807 611
800806 611
800800 612
800801 612
800802 612
800803 612
800804 612
800412 900
800401 900
800402 900
800403 900
800404 900
800405 900
800406 900
800420 900
800415 900
800414 900
800413 900
800411 900
800410 900
800409 900
800421 900
800407 900
800408 900
801200 624
801202 624
801204 624
801206 624
801208 624
801210 624
801212 624
801214 624
801216 624
801218 624